video0p1=	[	[2059	,	719	,	2194	,	1174	,	 16.0]	,
		[2058	,	714	,	2195	,	1174	,	 17.0]	,
		[2062	,	717	,	2200	,	1183	,	 18.0]	,
		[2070	,	723	,	2197	,	1180	,	 19.0]	,
		[2066	,	721	,	2201	,	1183	,	 20.0]	,
		[2073	,	720	,	2201	,	1174	,	 21.0]	,
		[2066	,	723	,	2198	,	1172	,	 22.0]	,
		[2071	,	715	,	2198	,	1174	,	 23.0]	,
		[2060	,	720	,	2219	,	1176	,	 24.0]	,
		[2056	,	721	,	2220	,	1181	,	 25.0]	,
		[2053	,	719	,	2209	,	1173	,	 26.0]	,
		[2066	,	719	,	2200	,	1181	,	 27.0]	,
		[2065	,	729	,	2199	,	1179	,	 28.0]	,
		[2063	,	724	,	2201	,	1173	,	 29.0]	,
		[2069	,	721	,	2211	,	1176	,	 30.0]	,
		[2066	,	727	,	2199	,	1171	,	 31.0]	,
		[2020	,	749	,	2171	,	1184	,	 32.0]	,
		[2045	,	741	,	2179	,	1183	,	 33.0]	,
		[2065	,	723	,	2194	,	1171	,	 34.0]	,
		[2091	,	1030	,	2183	,	1380	,	 36.0]	,
		[2096	,	1034	,	2173	,	1374	,	 37.0]	,
		[2103	,	1029	,	2174	,	1377	,	 38.0]	,
		[2103	,	1033	,	2176	,	1376	,	 39.0]	,
		[2097	,	1033	,	2176	,	1386	,	 40.0]	,
		[2088	,	1030	,	2176	,	1378	,	 41.0]	,
		[2085	,	1033	,	2173	,	1378	,	 42.0]	,
		[2104	,	1030	,	2176	,	1386	,	 43.0]	,
		[2076	,	1033	,	2178	,	1382	,	 44.0]	,
		[2110	,	1031	,	2178	,	1385	,	 45.0]	,
		[2110	,	1033	,	2175	,	1380	,	 46.0]	,
		[2109	,	1034	,	2179	,	1379	,	 47.0]	,
		[2113	,	1031	,	2179	,	1384	,	 48.0]	,
		[2113	,	1031	,	2173	,	1386	,	 49.0]	,
		[2111	,	1031	,	2178	,	1386	,	 50.0]	,
		[2114	,	1032	,	2177	,	1383	,	 51.0]	,
		[2112	,	1030	,	2173	,	1379	,	 52.0]	,
		[2111	,	1031	,	2176	,	1384	,	 53.0]	,
		[2134	,	1029	,	2251	,	1407	,	 62.0]	,
		[2135	,	1029	,	2258	,	1406	,	 63.0]	,
		[2134	,	1029	,	2249	,	1409	,	 64.0]	,
		[2132	,	1026	,	2228	,	1401	,	 65.0]	,
		[2103	,	763	,	2231	,	1165	,	 66.0]	,
		[2103	,	763	,	2228	,	1161	,	 67.0]	,
		[2104	,	763	,	2230	,	1162	,	 68.0]	,
		[2104	,	763	,	2225	,	1160	,	 69.0]	,
		[2103	,	763	,	2229	,	1157	,	 70.0]	,
		[2102	,	764	,	2230	,	1159	,	 71.0]	,
		[2103	,	762	,	2229	,	1158	,	 72.0]	,
		[2104	,	761	,	2230	,	1162	,	 73.0]	,
		[2102	,	761	,	2228	,	1159	,	 74.0]	,
		[2102	,	761	,	2231	,	1159	,	 75.0]	,
		[2102	,	761	,	2233	,	1159	,	 76.0]	,
		[2103	,	762	,	2231	,	1160	,	 77.0]	,
		[2103	,	761	,	2232	,	1161	,	 78.0]	,
		[2103	,	761	,	2231	,	1163	,	 79.0]	,
		[2103	,	762	,	2259	,	1162	,	 80.0]	,
		[2103	,	763	,	2246	,	1161	,	 81.0]	,
		[2102	,	760	,	2241	,	1158	,	 82.0]	,
		[2103	,	762	,	2225	,	1159	,	 83.0]	,
		[2103	,	763	,	2229	,	1159	,	 84.0]	,
		[2102	,	762	,	2231	,	1161	,	 85.0]	,
		[2103	,	762	,	2238	,	1161	,	 86.0]	,
		[2104	,	763	,	2235	,	1158	,	 87.0]	,
		[2104	,	764	,	2235	,	1160	,	 88.0]	,
		[2102	,	764	,	2235	,	1161	,	 89.0]	,
		[2103	,	764	,	2236	,	1161	,	 90.0]	,
		[2103	,	764	,	2233	,	1159	,	 91.0]	,
		[2101	,	764	,	2236	,	1159	,	 92.0]	,
		[2105	,	764	,	2235	,	1159	,	 93.0]	,
		[2102	,	767	,	2229	,	1160	,	 94.0]	,
		[2099	,	785	,	2207	,	1160	,	 95.0]	,
		[2096	,	808	,	2183	,	1154	,	 96.0]	,
		[2130	,	844	,	2193	,	1135	,	 97.0]	,
		[2160	,	855	,	2207	,	1146	,	 116.0]	,
		[2130	,	831	,	2208	,	1145	,	 117.0]	,
		[2135	,	802	,	2212	,	1150	,	 118.0]	,
		[2118	,	785	,	2210	,	1157	,	 119.0]	,
		[2063	,	767	,	2200	,	1160	,	 120.0]	,
		[2072	,	762	,	2217	,	1160	,	 121.0]	,
		[2097	,	762	,	2221	,	1161	,	 122.0]	,
		[2097	,	762	,	2217	,	1162	,	 123.0]	,
		[2149	,	1033	,	2237	,	1403	,	 124.0]	,
		[2148	,	1032	,	2229	,	1401	,	 125.0]	,
		[2145	,	1030	,	2228	,	1406	,	 126.0]	,
		[2131	,	1031	,	2235	,	1408	,	 127.0]	,
		[2147	,	1029	,	2230	,	1410	,	 128.0]	,
		[2143	,	1028	,	2231	,	1405	,	 129.0]	,
		[2143	,	1029	,	2231	,	1400	,	 130.0]	,
		[2141	,	1030	,	2229	,	1409	,	 131.0]	,
		[2143	,	1030	,	2231	,	1405	,	 132.0]	,
		[2143	,	1031	,	2230	,	1404	,	 133.0]	,
		[2137	,	1027	,	2229	,	1404	,	 134.0]	,
		[2144	,	1031	,	2226	,	1404	,	 135.0]	,
		[2145	,	1027	,	2228	,	1406	,	 136.0]	,
		[2142	,	1028	,	2227	,	1405	,	 137.0]	,
		[2144	,	1029	,	2226	,	1404	,	 138.0]	,
		[2140	,	1028	,	2229	,	1404	,	 139.0]	,
		[2146	,	1028	,	2226	,	1408	,	 140.0]	,
		[2146	,	1028	,	2226	,	1405	,	 141.0]	,
		[2143	,	1028	,	2227	,	1407	,	 142.0]	,
		[2144	,	1027	,	2227	,	1402	,	 143.0]	,
		[2099	,	760	,	2217	,	1159	,	 144.0]	,
		[2098	,	762	,	2215	,	1160	,	 145.0]	,
		[2097	,	767	,	2217	,	1165	,	 146.0]	,
		[2098	,	763	,	2217	,	1165	,	 147.0]	,
		[2080	,	761	,	2221	,	1162	,	 148.0]	,
		[2098	,	761	,	2222	,	1167	,	 149.0]	,
		[2103	,	765	,	2214	,	1166	,	 150.0]	];
